1NDEX.

’1111111111 1111111111111 ”

1111111111, 1161111111 , ,

11111111411111 1111111111111111 ,

111111111141 ,111111111144

1111111111 174 111111111111111

11. 1111111111 1111111138. 1111111114411111
134141 ’ 70.777.N7s77776

1111111111111111111111 11,111.Ν1’11111111111114
1111111111111111188 1111111111111111771
111111111111111111111 111111114114
111111111111144 11. de 1111111111 59
17.F7777.R777769.205 17.de7'776497'77741,177.774
11. 1111111111111141 ,1111411144 32 ¹
11. 11111111181111111111 1111111111, ⁷ ,
4814 111111111111141
1116111111 1111 ¹ 111111111171
11, 6111111111 11111111111111, 11111111
11 1611111111131 1111117, 97 144
11, 61111 111111111111 11 Κ111111111111.1111141,,
41111118 81 117, ,1.14 174. 177181
149161795797 11. 11111 vel 61411411
’ 116111111441111171174
1161111111111 11. 11111414 111114
17.G077777777 11 11111111 1111111111111111
1161111111111178171 676
17.G777777576.41.44·(¹7 17K7¹7ng77177
11, 61111111111111114 111111111111171 (113
’ 1161111 111111 1,,11114 11111411144111133
1143.1,11117.148,1111111111111111111144

1111114111 1111. 97, 1111141117 ,

 

 

