INDEX,

536,872.178‚199 Τ11111111113111111111113
1111131111111111111131, Τ1111111111111111111 ’ ’
31. 1131, 111. 131, 11311111 113 ‘
1111111111 ¹T88'881ff888285
Τ111111111’11111111”131 111111111131 ’
Τ111111111Η113131 11111111 ,,
Τ11111.111111111313133 11111111131111 (113
111111 11131113 1111111111 1111111111 111.
111111. 1111111111 - ’1.
1111111111 11 11, 11 Valens 1111111111111
31111 111. 111 131 111 1111 1111111 1311111111
131133161111131 1111111131
111111111111111 111133 11111111 Cordus 133131.
111111116111111139 131111111111111.
Τ11111.61111111131 187 1111113
111111113111131111 1111111111Τ1111111113.
Τ1111.111111111111.111 1111111111111131111111
11111111111111 11111111111111111111.
Τ1111111111111113111 111 (131111
ΤΙ1111.Ν11111131,111 1131111111111111
, Τ111111.Ρ113111111 1111111111111111111
ΤΙ1111.Ρ111111131111.131 111111113111 -
ιΤ1111111111111 111133.111111111111111111111.
131131 1131111 ,113131 ,131

111111111111111111113131 1 1111111 1118111111111
11111 11111111111111113111
Τ111111. 111111 131 1,1,,1,1,,,131
11111111 113111 111111 11111111
11111111 11111 11111011111111
111161111111 111116111111η =

0311111.

 

 

