11111

111111Τ111111111111111, Α ρι’
13111111 9111118111111111. 111

ἣ111111 . 2111111111111111111
11111111Ξ111141· a: = 77. ¹
1111111111 111111Μ111111117
1111111111111111 1111111111111113, 747
1111111 777 1131111111 11111111 11371,
’1111111111 1113

111 111 11 7111111111 11111111 111111 1110111111 46
1 1111111111 77 111111 61111111117111311

11111111 Regin 7777777877 1111111111.

7777

1.

7777777'77277 11
11111 1111111111 7725 77777777777777'77777

Phffifflmmffl 111111111811111111111 111

1111111111111111 13111111111111

11111111111111113 111111111111111111111,111.
1111111111111111 777777777777788
777777'777'77717 11111111111111111111113.
P7'777777 4111111111171 ,
1111111111 - 1111111111 11111111111141

111111111111111111111. 777 1111111 775 1377? 1111111111 77
1111111111111111 1111111111111111114
1131111111 17777777'777'7770 11 11
1111 11111111 1111111111111111111111111 1131111113 3,3.
11111111 ,111111 111137 1311113 ,111
111111, 1.1111111111.113 1111111111111111
11111111111111111113. 11111111111111111. 111
729 11111181111146
Prosper 01111111 77. 11. 1111111116111311111111111

, ¹45 1111111111111133 b
Ro .

 

 

 

